   3.3215948e+00   5.6483145e+00
  -8.3275349e+00  -1.4854811e+00
  -1.5654766e+01  -1.3349085e+01
  -1.3742690e+01  -1.6243267e+01
   5.8844732e-01   5.6335609e-01
   9.0691690e-01  -1.9710305e+00
  -2.6367488e+01  -2.1363545e+01
  -1.3544642e+00  -3.1647471e+00
  -2.3637023e+01  -2.1038086e+01
   1.4384232e+01   1.3943973e+01
   3.2477618e-01  -3.9956866e+00
   1.6405284e+01   1.4484394e+01
   2.5810727e+00   1.8286414e+00
   1.4679820e+01   1.2482333e+01
   5.6651382e+00   5.0307084e+00
   7.8018658e-01  -2.8967182e+00
   2.9439296e+00   4.4390960e+00
   2.4367835e+01   2.8466325e+01
  -4.1574662e+01  -4.1901234e+01
  -2.0859490e+01  -1.8118652e+01
  -8.6655588e+00  -7.1960981e+00
   9.1898187e+00   9.6864083e+00
   1.3139664e+01   1.1840675e+01
  -2.9480004e+01  -3.2764884e+01
   1.3185845e+01   1.0002472e+01
  -1.1355048e+01  -1.5009976e+01
   8.1419671e+00   3.4794738e+00
  -4.5566060e+00  -7.5682376e-01
  -1.0987776e+01  -1.2616573e+01
  -2.0753990e+00  -2.8960371e+00
   1.2674031e+01   1.9095015e+01
  -1.0409155e+01  -1.3827325e+01
   1.3379476e+01   1.5328124e+01
   2.5943441e+00   3.5771634e+00
   1.9366173e+00   3.6133558e+00
   3.3372790e+00   5.7383743e+00
  -7.7560644e+00  -7.1632390e+00
   2.7095587e+00  -4.1107098e+00
  -3.8092873e+00  -2.5636700e+00
  -1.0965385e+01  -1.1260299e+01
  -1.4364309e+01  -1.6452303e+01
   4.8360659e+00   4.5824296e+00
   7.0340640e+00   8.1461132e+00
  -9.7572583e+00  -9.6379799e+00
  -8.1452200e+00  -9.7522799e+00
   1.3312219e+00  -2.0745932e+00
  -6.4977980e+00  -8.2781683e+00
   1.7241516e+01   1.2217670e+01
  -2.5846626e-01  -9.1670399e-01
  -1.8080818e+01  -1.5437321e+01
   1.7620664e+01   1.6634878e+01
  -1.8207747e+01  -1.9737696e+01
  -4.9496175e+00  -4.6338228e+00
   1.1150960e+01   9.9615912e+00
   1.1252790e+01   8.2436097e+00
  -1.7998813e+01  -1.3687093e+01
   1.7631148e+00   2.4145585e+00
  -2.9147278e+00  -3.2895031e+00
  -8.8271767e+00  -1.0601388e+01
  -2.3823197e+00   1.1057836e+00
   7.8771971e+00   7.9000482e+00
   2.2859470e+01   2.6100225e+01
  -9.0131323e+00  -1.1076201e+01
   5.1122331e+00   8.2534371e+00
  -3.2181087e+00  -5.4197541e+00
  -2.5253875e+01  -2.3481672e+01
  -1.5758167e+01  -1.4613545e+01
  -2.9152334e-01   1.2743733e+00
   3.3039783e+00   3.0660810e+00
   1.4184732e+01   1.5574876e+01
   1.2344917e+01   1.3841334e+01
  -8.5923410e+00  -1.0827423e+01
  -8.7419972e+00  -6.0419909e+00
  -4.2537775e+00  -7.1901599e+00
  -3.3405619e+00  -6.2117931e+00
  -7.0143599e-01  -5.5449106e-01
   6.2780192e-01  -7.2793714e-01
  -3.8945688e+00  -5.1662957e+00
  -7.6262347e+00  -4.2802988e+00
   1.6803515e+01   9.7047817e+00
   1.7916851e+00  -1.3687736e+00
   1.4306022e+01   1.3382022e+01
  -3.0452099e+00   4.6861155e+00
  -1.5538072e+01  -1.2420776e+01
   9.9777356e+00   1.3559920e+01
  -2.0290312e+01  -2.0716160e+01
   3.1589485e+01   2.8745475e+01
  -1.3745099e+01  -1.0802572e+01
   7.6581204e+00   8.4773637e+00
   1.2112495e+00   6.3838503e-01
   8.4006861e+00   1.0091572e+01
  -8.2083063e-01   5.5446646e-01
  -1.1283026e+01  -1.2205484e+01
  -2.5026400e+00  -3.8779784e+00
  -5.2624252e+00  -1.3123710e+01
  -6.9039678e+00  -1.0269217e+01
   5.2377496e+00   1.9426352e+00
   9.9325457e+00   8.6696341e+00
   7.0955946e+00   3.2323007e+00
  -2.6702557e+01  -2.2857461e+01
  -2.2013533e+01  -2.3680661e+01
  -1.6269462e+01  -1.7529015e+01
   1.0070000e+01   1.1915121e+01
   2.8673882e+01   2.6836617e+01
   1.0395382e+01   7.6565419e+00
  -4.2839513e+00  -2.7915279e+00
  -2.6067061e+00  -7.8963907e+00
  -1.3704285e+01  -1.4272301e+01
  -3.3549142e+01  -3.2070851e+01
  -8.0583962e+00  -8.8726080e+00
   1.7177683e+01   2.1113878e+01
   1.0896523e+01   1.2682881e+01
   2.1201335e+01   2.2220742e+01
   3.1056825e+01   2.9488409e+01
   9.4807439e+00   1.1913756e+01
  -2.1348752e+01  -2.1638908e+01
  -2.5548935e+01  -2.1030255e+01
   2.6507941e+01   2.2894418e+01
   1.0898302e+01   7.6596048e+00
   1.2338553e+01   1.0507739e+01
   1.4550145e+01   1.7638922e+01
   3.6649973e+00  -2.9333152e-01
   1.3932505e+01   1.4078570e+01
   1.5538394e+01   1.9109639e+01
  -7.7819944e+00  -8.8694774e+00
  -1.1588011e+01  -1.5351195e+01
  -4.7457374e+00  -3.2910221e+00
  -7.6964563e+00  -1.0618604e+01
  -8.3019906e+00  -9.8550674e+00
  -3.9661037e+01  -3.4404852e+01
  -3.1075426e-01   2.5191245e-02
  -7.0809079e+00  -1.0019426e+01
  -1.3098334e+01  -1.1750585e+01
   1.2785073e+01   9.6779732e+00
  -1.0244138e+01  -5.5695604e+00
  -7.9175047e+00  -1.3841225e+01
   9.2364158e+00   8.8653423e+00
  -5.2904753e-01  -1.0810593e+00
   8.6315666e+00   6.5682714e+00
  -8.7926197e-01  -4.8151856e-01
  -2.5207308e+01  -2.3293516e+01
   1.5265965e+00  -3.6955354e-01
   2.3612977e+00  -1.2093716e+00
   1.9772593e-02   2.6754523e+00
  -4.0195053e-01  -2.3718338e+00
   7.5077697e+00   5.6933765e+00
  -5.7817869e+00  -5.4324589e+00
  -8.1945252e+00  -1.0431065e+01
  -2.6144460e+01  -2.5832806e+01
   1.3949070e+01   1.1289403e+01
  -1.6689735e+01  -1.3546502e+01
  -1.8209547e+01  -1.2014841e+01
  -1.3398182e+01  -1.3733612e+01
  -2.8191546e+01  -2.7100916e+01
   1.3173800e+01   1.6008066e+01
   2.0605248e+00   3.1911961e+00
   1.6207568e+01   1.2225220e+01
   7.0332389e+00   4.3135249e+00
   7.5650516e+00   3.3336421e+00
  -3.0174250e+01  -2.7470953e+01
  -3.4830870e+00  -7.3392254e+00
   1.0829781e+01   1.4844888e+01
  -3.8482073e+01  -3.8628595e+01
  -1.1929122e+01  -1.0016652e+01
  -4.8928101e+00  -6.6978394e+00
  -2.6939602e+01  -2.4703636e+01
   1.9584176e+01   1.5988412e+01
  -1.9724472e+01  -2.1184642e+01
  -1.2409450e+01  -1.7465612e+01
  -3.7475489e+00  -8.2084125e+00
  -1.9885268e+01  -1.3444982e+01
  -1.9809783e+01  -1.7784114e+01
   2.1575184e+01   2.3633432e+01
   3.9529952e+00   6.1372582e+00
   1.7007474e+01   1.3662267e+01
  -8.6182642e+00  -1.0246692e+01
   2.3253990e+01   2.2757318e+01
   4.9681233e+00   4.2973986e+00
   1.9297838e+01   1.8957279e+01
  -1.2584790e+01  -1.0696145e+01
   5.9050338e+00   5.4865954e+00
  -3.4063189e+00  -5.7164718e-01
  -9.7496569e+00  -1.0107269e+01
   1.6096734e+01   1.8859184e+01
   1.1870317e+01   1.2405061e+01
   1.3555319e+00   3.4951358e+00
   1.4234230e+01   1.1282010e+01
  -1.4889084e+01  -1.1670525e+01
  -6.3099524e+00  -4.8417719e+00
   2.9809861e+00  -2.9184989e-01
  -3.4739436e+00  -5.6012672e+00
  -2.2878407e+01  -1.9602631e+01
   8.0231977e+00   9.1625748e+00
   1.2068353e+01   1.1890409e+01
   4.3584049e+00   5.4895996e+00
  -2.6444597e+00  -3.1318654e+00
   7.7425222e+00   8.6167073e+00
  -1.0151325e+01  -8.8896793e+00
   1.3196078e+01   1.2676607e+01
   2.7042406e+01   2.5130845e+01
   2.8111360e+01   2.5730408e+01
  -1.5192418e+00  -3.6573128e+00
  -1.5864580e+01  -1.4193470e+01
  -1.6492882e+01  -1.7444039e+01
   7.7632938e+00   1.0690453e+01
   1.4091098e+01   1.4411462e+01
   6.0746179e+00   1.0354289e+01
  -1.0625228e+01  -1.4036284e+01
  -1.3124947e+01  -1.3271577e+01
   2.6719906e+01   2.1789955e+01
   8.9420697e-02  -2.1620381e+00
   3.7335414e+00   4.8522541e+00
   2.8896621e+01   2.8057381e+01
   7.5343390e+00   6.8578077e+00
  -1.5828339e+01  -1.7532587e+01
  -1.7245151e+01  -1.9107887e+01
   1.6823388e+01   1.6447183e+01
  -1.2681117e+00  -1.0277691e-01
   1.6639652e+00  -2.7483791e+00
   3.4511681e+00   2.1348900e+00
   2.6751095e+01   2.4701338e+01
   2.4044623e-01  -2.7820788e+00
  -3.4339619e+01  -3.5564971e+01
   4.6994615e+00   1.8596240e+00
  -2.4138867e+00   2.6674780e-01
  -1.7795887e+01  -1.8018920e+01
  -2.2861263e+01  -2.2764995e+01
  -1.8583653e+01  -1.8319316e+01
  -9.1694361e+00  -1.2337410e+01
   2.9348826e+01   2.9355709e+01
  -3.6957366e+00  -6.1215889e-01
  -2.1527292e+00  -3.0343198e+00
  -6.5937354e-01  -2.4769521e+00
  -1.1187025e+01  -1.2353269e+01
   2.1998839e+01   2.2292877e+01
   3.3880213e+00   4.8993522e+00
   3.4699624e+00   2.9268775e+00
  -1.6999996e+01  -1.4200246e+01
  -3.6724660e+00  -6.9786322e+00
  -1.6981573e+00  -3.2496801e-01
  -2.6099013e+00  -3.0496525e+00
  -5.7646968e+00  -7.9390745e+00
   8.6159372e+00   1.2323913e+01
   9.4330236e+00   8.4653783e+00
  -1.8431592e+01  -1.9592757e+01
   1.4467689e+01   1.1609156e+01
  -6.1567608e+00  -1.0771228e+01
  -8.0248983e+00  -1.2544870e+01
  -6.7750941e+00  -1.3254903e+01
   1.3144062e+01   1.6414691e+01
   4.2313577e+00   6.2504738e+00
  -1.5798956e+01  -1.6881220e+01
  -1.3438358e+01  -9.3959017e+00
   1.2861621e+01   1.6203641e+01
   2.2562401e+00  -7.3585811e-01
   1.1892189e+01   1.2538691e+01
   1.6569517e+01   1.5434636e+01
   1.7053602e+00   2.0935307e+00
  -1.8463419e+00   1.3588153e+00
  -5.9926804e+00  -2.9635971e+00
   6.7020897e-01  -1.7857114e+00
   6.5111430e+00   2.2814040e+00
   1.4247142e+01   1.6511071e+01
  -1.4579427e-01   1.0294249e+00
  -9.5210007e+00  -1.1052559e+01
  -7.7378309e-01   3.3577610e-01
  -4.3576339e+01  -4.3633163e+01
  -4.8011736e+01  -4.0103685e+01
   1.7356973e+00   6.5130953e+00
  -3.9747739e+00  -5.6979858e+00
   7.2521615e+00   5.0279819e+00
  -1.7204028e+01  -2.0368156e+01
  -1.2363262e+01  -9.9719878e+00
   1.3220875e+01   1.4374974e+01
   1.4966941e+01   1.3252305e+01
  -2.2507466e+01  -2.6487703e+01
  -1.9003843e+01  -2.2038886e+01
   1.6977768e+01   2.1309633e+01
   1.8187934e+01   1.7955936e+01
   3.1721926e+01   3.4251981e+01
   7.6673727e+00   6.5744516e+00
   1.4625137e+01   1.3501458e+01
  -6.7346842e-01  -2.7856543e-01
   3.6098807e+00   4.7066101e+00
   4.6080333e+00   6.2906433e+00
  -2.0117280e+01  -2.2270875e+01
   1.4278000e+01   1.1627235e+01
  -1.7303149e+00   6.1218262e-01
   6.9481019e+00   5.8451893e-01
   9.9759887e+00   9.6709788e+00
   1.0622782e+01   7.7666957e+00
  -2.8909010e+01  -3.3769786e+01
  -1.0359587e+01  -1.4471771e+01
   2.2362715e+00   3.6101163e+00
   5.6246606e+00   5.2913283e+00
   3.3150735e+00   1.0897032e+00
  -1.7692537e+01  -1.4147780e+01
   2.0692883e-01   2.1057541e+00
  -1.3458322e+01  -1.2278767e+01
   2.1500018e+01   2.4301153e+01
   1.0548651e+01   8.8899047e+00
  -4.1333392e+00   1.1940676e+00
   1.1972388e+01   1.1088240e+01
   3.2710522e+00  -3.7760570e-01
  -4.2145979e+00  -5.4408750e+00
  -9.9841561e+00  -1.0058978e+01
  -1.5635488e+01  -1.5075079e+01
  -7.1210686e+00  -7.8332150e+00
   1.2218560e+01   1.0337099e+01
  -2.6384342e+01  -2.7029119e+01
   8.6516230e+00   7.4718864e+00
  -3.5099843e+01  -3.0698471e+01
   7.7183705e-01  -1.7336626e+00
  -5.0531997e+00  -5.6083187e+00
   1.0764633e+01   1.4844905e+01
   4.6752984e+00   3.5330843e+00
   3.1027470e+01   3.3453805e+01
   5.1806895e+00   4.4128210e+00
   9.3437393e-01   3.4610915e+00
   1.5196968e+00  -1.0725127e+00
   6.3854074e+00   5.3720458e+00
  -1.4487327e+01  -1.7984846e+01
   1.8346166e+00  -3.0920742e+00
  -3.6394619e+00  -6.3103864e+00
   3.0732793e+01   3.0386734e+01
   1.8594312e+01   1.7014285e+01
  -4.9449468e+00  -5.5493073e+00
   9.6672504e+00   1.0699972e+01
  -3.0854969e+01  -2.6229882e+01
   1.4365753e+01   1.8063468e+01
  -5.8086996e+00  -2.0436289e+00
  -1.8494494e+01  -1.6888488e+01
   2.0467546e+01   2.4421926e+01
   1.1201254e+00  -5.6105750e-01
  -1.0436673e+01  -1.1101175e+01
   1.2700880e+01   1.7506539e+01
   1.1046682e+01   1.6632242e+01
  -9.4753042e+00  -8.4313707e+00
   1.1987187e+01   1.0110334e+01
  -8.3959353e+00  -7.1024622e+00
  -1.2445009e+00   2.9450950e+00
  -2.7725357e+01  -2.3554245e+01
  -9.2351470e+00  -1.1857961e+01
   2.6993974e+00   2.5892322e+00
   1.3196938e+01   1.2026713e+01
  -5.6429998e+00  -3.6686776e+00
   9.1909942e+00   9.7576002e+00
   1.0372363e+00  -2.4294600e+00
  -1.1805416e+01  -1.0892049e+01
   1.7149530e+01   1.7338530e+01
   1.5706412e+01   1.9530427e+01
   4.5255753e+00   5.6004169e+00
   2.8309179e+01   2.4033557e+01
  -9.6153442e-01   1.5407168e+00
   2.1515857e+01   1.9837350e+01
   2.4465603e+00   3.3143846e+00
   1.3108461e+01   1.1593633e+01
   1.9543636e+01   1.5830274e+01
   1.0252870e+01   9.5266195e+00
   1.0198692e+01   1.1514805e+01
   2.2986882e+01   2.6823325e+01
  -1.4830433e+01  -1.4607615e+01
   1.5082639e+01   1.3570665e+01
   3.5523489e+00   2.5715720e+00
   1.5389588e+01   1.5370129e+01
   2.8374680e+01   2.9624599e+01
  -4.3825904e-01  -1.0027194e+00
   1.6254745e+01   1.5869362e+01
   1.8597366e+01   1.7313272e+01
  -2.0644405e+00   3.6358406e-01
  -1.6337687e+01  -1.6956427e+01
   1.0424586e+01   5.4473327e+00
   2.0149450e+00   4.0869256e+00
  -1.9326035e+01  -2.3790801e+01
   2.3233769e+00   2.4384581e+00
  -1.0342581e+00   3.0631555e+00
   2.3222347e+01   1.9370680e+01
  -1.4812117e+01  -1.8201493e+01
   3.3263803e+00   5.1322935e+00
  -2.3665780e+01  -2.2713738e+01
   7.5347672e+00   4.4865610e+00
   3.3550614e+00   3.9219112e+00
  -7.6400232e+00  -8.1477040e+00
  -1.6755983e+01  -1.3941019e+01
  -1.8025556e+01  -1.8084478e+01
   2.4613311e+00  -4.4870352e-01
  -2.7022566e+01  -3.0186870e+01
   1.6195684e+01   1.6400647e+01
  -1.8797012e+01  -1.8700845e+01
  -1.5532871e+01  -1.5315099e+01
   1.5366063e+01   1.5653870e+01
   1.5213207e+01   1.6886244e+01
  -1.0139248e+01  -1.5168063e+01
   9.4358555e+00   9.8530529e+00
  -9.3295695e+00  -8.1502727e+00
   1.7079055e+01   1.7774937e+01
   1.1346094e+01   1.4288669e+01
  -1.1852040e+01  -1.0754628e+01
   3.1903932e+00   3.0930486e+00
   2.0280691e+00   5.1225950e+00
   1.3145966e+01   1.2960805e+01
   9.7012945e+00   7.5868052e+00
  -2.8610906e+00   4.9217550e-02
   1.8205581e+01   1.8256843e+01
   2.6951663e+00   4.2153578e+00
  -1.1108871e+01  -1.2820171e+01
  -1.3473518e+01  -1.6273558e+01
  -2.2319844e+01  -2.5210314e+01
   1.6047875e+01   1.6885107e+01
  -2.3471795e-01   3.3063860e-01
  -6.0500892e+00  -6.4553547e+00
   1.3221855e+01   1.2861374e+01
   6.4018643e+00   2.7249352e+00
  -2.3041489e+01  -2.1934702e+01
   1.0385229e+01   8.1762297e+00
   1.3793981e+01   1.4876415e+01
  -3.9459732e-01   4.4955118e+00
  -1.8100112e+00   1.7990652e+00
  -1.5215928e+01  -1.0710929e+01
   1.0258326e+01   1.2825239e+01
  -1.9468003e+01  -2.2823823e+01
  -5.0894052e+00  -4.6107233e+00
  -2.0381315e+01  -1.8130420e+01
  -3.7717296e+01  -3.6527591e+01
   1.3327445e+00   6.0056415e+00
  -2.2723549e+01  -2.4771942e+01
   1.9688777e+00   2.3438423e+00
   2.2257046e+01   2.7009655e+01
  -2.0705985e+01  -2.2914497e+01
   7.5364498e+00   2.6212548e+00
  -5.0050521e+00  -2.8019040e+00
  -1.3120854e+01  -1.5027305e+01
   1.3763710e+01   1.1773816e+01
   2.5565807e+01   2.4184228e+01
  -6.8598895e+00  -6.4181872e+00
   4.5072705e+00   1.8615431e+00
  -7.3283101e+00  -5.2651858e+00
   1.7142076e+01   1.6985732e+01
   9.4493858e-01   2.1490158e+00
   3.2024728e+00   2.9203125e+00
   1.7836477e+01   1.6933133e+01
   1.2606081e+01   1.3509625e+01
  -1.0907970e+01  -7.3935544e+00
  -1.3746840e+01  -1.5262874e+01
   2.1657848e+01   2.3048346e+01
  -3.7599039e+00  -3.9639882e+00
  -2.6697854e+01  -2.7831582e+01
  -8.5865760e+00  -9.0011248e+00
   4.9346616e-01  -7.0421712e+00
   3.7149968e+00   9.1489343e+00
  -9.7847877e+00  -9.8534608e+00
  -2.8896874e+01  -2.9597288e+01
   1.5952482e+01   1.3220785e+01
   1.5902121e+01   1.7009663e+01
   3.1125217e+01   3.0475832e+01
   4.6397968e+00   2.9890485e+00
  -5.3748389e-01   4.8006888e+00
  -3.2580619e+00  -4.9055601e+00
   1.3706088e+01   1.4812210e+01
   1.1955069e+01   9.3337177e+00
  -3.5865815e+00  -5.2995016e+00
  -8.0009076e-01  -5.3644397e-01
  -1.8358035e+01  -1.6299646e+01
  -1.4340888e+01  -1.1062302e+01
   6.2266201e+00   9.0294757e+00
  -2.4097492e+01  -2.2720790e+01
  -3.4318596e-01   9.8222325e-01
   2.5633445e+01   2.7264302e+01
   1.2042519e+01   1.2392496e+01
   7.1649578e+00   3.3119281e+00
   8.3055304e+00   7.7796431e+00
   4.7625616e+00   4.7252820e+00
  -5.0255958e+00  -2.9861310e+00
  -2.3064369e+01  -2.3688374e+01
  -3.7675763e+00  -2.1557974e+00
   1.3936079e+01   2.1897434e+01
   1.9515476e+00   2.4595219e+00
  -1.8280096e+01  -2.0564215e+01
  -1.2085047e+01  -1.4952712e+01
  -1.3006685e+01  -1.3576673e+01
   3.7189077e+01   3.8024595e+01
  -9.2463458e+00  -5.2853014e+00
   1.9101528e+01   1.8818178e+01
  -1.6234729e+01  -1.4265736e+01
   2.8488331e+00   5.7668192e+00
  -1.8335083e+01  -1.8481776e+01
   9.4113785e+00   1.0919536e+01
  -8.7783544e+00  -1.1011573e+01
  -9.1385574e+00  -1.2109422e+01
   1.5699653e+01   1.8890932e+01
  -5.6923313e+00  -5.3795225e+00
  -1.9166839e+01  -1.4863765e+01
   1.5389213e+00   1.6009409e+00
  -1.1429642e+01  -1.0431020e+01
   2.6909579e+01   2.3587662e+01
  -1.2949022e+00  -5.5078724e+00
  -1.4650199e-01  -2.0748197e+00
  -1.9836343e+01  -1.9690761e+01
   3.4495756e+01   3.5041481e+01
   4.1800511e-01  -2.7919843e+00
